Label,Boarding time,Boarding station,Alighting station,Arrival time
4000000211298620,436,4,15,407
4000000222803470,452,10,15,421
4000000310441099,445,8,15,444
4000003914574627,438,5,16,406
4000140120289608,448,9,15,438
4000140127091992,427,0,13,424
4000000005852332,457,12,15,456
4000000214342751,456,12,17,432
4000000214734522,463,13,16,444
4000000224249116,463,13,15,429
4000000310994682,436,4,16,423
4000000214084582,463,13,15,429
4000000214342835,438,5,19,421
50000010011000797476,440,6,9,439
4000000223219470,430,2,13,419
4000000810054383,434,3,15,429
4000001520394936,436,4,8,425
4000003932379188,430,2,15,410
4000003933746046,457,12,15,456
3104920031001384576,440,6,11,439
4000140112542949,436,4,11,429
4000140112551299,434,3,6,418
4000140129001279,427,0,7,420
4000000224085012,427,0,7,403
4000003910878282,448,9,13,445
4000140112538208,434,3,16,423
4000200112016955,434,3,16,419
4000140110417770,440,6,16,439
4000140110467584,428,1,7,425
3104920031000811264,438,5,17,408
4000000216559818,445,8,15,444
4000001830323397,437,4,9,436
4000001860011447,438,5,8,418
4000003906151702,435,3,8,434
4000001512352087,434,3,10,408
4000140112833334,440,6,12,439
4000140127063226,440,6,10,439
4000000007457806,427,0,17,412
4000000216521784,436,4,9,424
4000000217447931,445,8,12,444
4000000312052586,430,2,16,409
4000000213245822,442,7,13,418
4000000216868690,454,11,16,453
4000000220286927,434,3,15,426
4000000222142032,434,3,15,414
4000000310980798,436,4,10,435
4000003902839183,428,1,15,422
4000140112919151,454,11,13,453
4000140120238761,986,1,6,968
4000140110337384,996,6,11,980
3104920032000660800,1001,9,11,999
4000000310240881,986,1,15,982
4000140112794548,996,6,11,980
4000000211009237,985,0,13,984
4000000217264913,996,6,15,992
4000140112663338,996,6,10,994
4000001830048350,985,0,11,971
4000001830139813,986,1,7,977
4000003943369305,1003,10,15,1001
4000003925590367,1007,12,15,1006
4000140112868672,999,7,11,998
4000000212015997,995,5,13,994
4000000222407828,1000,8,15,999
4000003906096309,1001,9,15,994
4000140112936537,1001,9,11,990
4000001855301852,986,1,7,977
4000140110069324,830,1,19,814
4000000310540196,844,7,16,843
4000003943906486,853,12,15,838
4000140129104164,848,9,19,847
4000000221606751,853,12,13,833
4000140110360237,844,7,13,843
4000140112855698,831,1,15,830
4000140120042420,839,4,6,820
4000140127062299,830,1,7,817
4000140112091904,829,0,4,826
4000000214577847,836,3,15,835
4000200112012074,844,7,14,843
3104920031000796606,829,0,7,828
4000000210763715,848,9,15,847
4000030110956579,853,12,19,845
4000140120041604,830,1,6,814
4000140120324738,829,0,3,825
4000140210095520,830,1,6,809
4000000211553143,450,3,8,449
4000140112490723,452,4,6,451
4000140127030377,455,6,13,454
4000200110008980,443,0,15,438
3104920031002067196,455,6,15,449
3104920033000237169,452,4,15,451
4000150210006662,452,4,7,451
4000000213555122,457,7,10,456
4000001522013281,449,3,15,445
4000001850123987,451,4,16,444
4000140110139906,452,4,6,451
4000000212728976,449,3,8,441
4000000222537562,450,3,8,449
4000030111051976,477,15,16,476
4000140110379450,450,3,8,449
4000000210248617,444,1,17,435
4000000229012975,443,0,13,439
4000140122010645,451,4,6,444
4000000210075457,447,2,15,446
4000000211924231,444,1,6,438
4000001512483134,455,6,15,452
4000001840282702,453,5,11,451
4000003902707568,465,11,16,464
4000030127045512,449,3,16,445
4000140112831084,452,4,7,451
4000000213333412,455,6,13,451
4000000216761182,450,3,15,449
4000000312068706,477,15,16,474
4000001830291929,477,15,16,475
4000140112877764,455,6,8,454
3104920031002501194,477,15,16,476
3104920032000304581,449,3,9,442
4000003931201905,447,2,16,446
4000140112665770,451,4,13,446
4000140122000874,447,2,6,446
4000140122042722,453,5,7,445
4000140129093742,450,3,6,449
3104920031000810647,453,5,8,451
4000000210554582,455,6,8,452
4000000005945254,457,7,16,456
4000000007531261,453,5,9,449
4000000214194009,451,4,16,450
4000000223065849,452,4,8,451
4000000223378510,452,4,8,451
4000001512526687,453,5,16,446
4000001830207145,457,7,16,456
4000000220445873,451,4,8,447
4000001520169067,453,5,9,452
4000001830284737,453,5,15,447
4000001830376255,455,6,15,452
4000001850010881,474,13,16,471
4000001855065185,458,8,17,454
4000140120068502,449,3,7,442
4000000215340409,1010,0,13,1009
4000000310227960,1023,8,14,1018
4000003931426949,1010,0,9,1004
4000140112835335,1012,1,2,1011
4000003932556016,1026,9,15,1025
4000140122040636,1014,2,6,1013
4000000213631891,1037,13,15,1036
4000000220749502,1025,9,14,1022
4000000221560612,1019,5,13,1018
4000000223938282,1029,10,13,1028
4000140110463918,1020,6,15,1019
4000001830364479,1023,8,15,1019
4000003907786511,1020,6,15,1014
4000140112113634,1023,8,15,1021
4000000220698179,1025,9,12,1021
4000003912636945,1030,11,15,1025
4000000214510959,1037,13,15,1036
4000001840744998,1025,9,15,1020
4000000212442223,479,9,15,462
4000000312345776,479,9,14,471
4000001520346813,479,9,16,474
4000001830071459,492,13,17,474
4000140110221206,458,0,8,456
4000140110371161,471,6,16,468
4000140210037553,466,3,6,454
4000000004289374,480,9,17,479
4000000212392570,468,4,15,465
4000000215298319,471,6,19,470
4000000222759214,469,5,16,462
4000003910286237,493,13,19,492
4000030110107039,480,9,16,479
4000140110437428,468,4,6,457
4000000220497207,483,11,16,481
4000000221574640,486,12,16,475
4000001830260184,469,5,15,467
4000003943835670,469,5,17,465
4000030110997642,474,7,14,466
4000140129061119,468,4,6,459
3104920031000720812,492,13,17,482
4000000210045407,471,6,17,462
4000000210980673,468,4,15,456
4000000217000862,492,13,17,488
4000000223964738,475,7,12,474
4000001520060228,475,7,13,474
4000001840721569,463,2,14,462
4000001850062630,466,3,15,459
4000003902891523,469,5,16,464
4000003909887914,486,12,15,483
4000003931721653,466,3,6,463
4000030110553247,466,3,6,461
4000140112867554,496,14,16,495
4000000223117919,463,2,15,462
4000001520115532,476,8,16,474
4000001850161062,476,8,16,460
4000003907023147,482,10,16,472
4000150210025318,502,18,19,501
4000000227042539,460,1,7,446
4000140110288739,466,3,7,460
4000140110401824,459,0,8,458
4000000215537086,471,6,14,455
4000000221741975,466,3,13,465
4000001850203141,474,7,16,464
4000003913066621,479,9,16,465
4000003931058546,487,12,16,486
4000000211553197,471,6,8,464
4000000214230543,482,10,16,480
4000000215261197,468,4,15,453
4000000217071059,476,8,16,461
4000000223131941,492,13,17,481
4000001840221719,480,9,17,479
4000003934565999,469,5,17,460
4000140110326867,496,14,17,495
4000140110483873,460,1,7,447
4000140112068923,463,2,6,462
4000140112139198,463,2,16,462
4000150210006065,480,9,16,479
4000200112064146,466,3,7,464
4000000104474354,497,15,16,496
4000000216353805,469,5,13,462
4000000222354088,486,12,16,475
4000000222887533,483,11,15,475
4000001520379788,463,2,15,462
4000001520427626,476,8,16,468
4000001830172584,486,12,16,468
4000001840969790,471,6,8,460
4000000214255494,596,1,15,595
4000140127030258,594,0,7,582
4000140110034207,609,7,16,608
4000140112551293,613,9,11,600
4000140129004095,609,7,15,608
4000000006312531,593,0,15,589
4000003906251203,613,9,12,610
4000030129017090,613,9,15,609
4000140110247778,609,7,10,608
4000000223368756,629,14,16,628
4000140110523668,613,9,15,608
4000140112189623,596,1,8,595
4000140112834596,596,1,4,595
4000140120287832,593,0,6,587
3104920032000694296,613,9,15,602
4000001520250626,621,12,15,614
4000000212442098,606,6,12,602
4000030110934902,606,6,15,605
4000140110362476,606,6,15,597
4000140110407377,596,1,8,595
4000140110523667,613,9,15,607
4000140112159897,593,0,6,583
4000000212947324,617,10,13,609
4000000310227599,606,6,15,596
4000030110774315,613,9,11,602
4000140112677945,603,4,15,602
4000140112817329,596,1,4,595
4000000210806620,613,9,15,603
4000000213539936,614,9,15,613
4000140110329654,604,5,13,602
4000030110714594,606,6,15,594
4000030111080943,604,5,10,594
4000140129004040,606,6,12,600
4000000212189009,593,0,13,580
4000000217300591,613,9,15,606
4000030127029291,613,9,12,600
4000000214415607,603,4,8,597
4000000211912652,524,0,4,523
4000000220004884,534,3,9,533
4000140110403245,524,0,6,513
4000140110606844,527,1,6,519
4000140127081330,542,7,15,531
4000140210049297,527,1,6,521
4000000004732160,530,2,19,527
4000000217485253,544,8,15,543
4000000223622228,544,8,15,538
4000000227020619,530,2,6,516
4000001830124407,541,6,13,540
4000003900128325,547,9,13,546
4000140112801923,542,7,15,530
4000000223341390,534,3,6,533
4000000224119552,534,3,6,533
4000003930345698,530,2,16,528
4000140110104335,542,7,15,537
4000140110686832,524,0,6,516
4000140120275235,527,1,6,517
4000140122010657,527,1,6,517
4000001840539158,542,7,15,538
4000140110167636,527,1,11,519
4000140122007119,528,1,7,527
4000000212058883,530,2,15,524
4000000214793348,540,6,12,538
4000000217034729,527,1,7,513
4000000217522375,542,7,11,541
4000140127091920,527,1,6,517
3104920031000811835,527,1,7,524
4000001850169154,538,4,16,537
4000140210018143,540,6,9,528
4000000212775069,524,0,8,515
4000000215516742,534,3,6,533
4000001512380082,538,4,15,537
4000000221351557,561,15,16,552
4000140112062376,524,0,13,521
4000140112490527,527,1,6,519
4000000213325814,524,0,8,523
4000001840032315,530,2,15,524
4000140110112261,527,1,6,513
4000140127090577,550,11,15,540
3104920031002239258,444,7,16,443
4000000214214186,439,5,15,438
4000000310754985,463,13,16,462
4000001840939190,444,7,13,443
4000001855004995,440,6,14,439
4000000221694498,444,7,19,443
4000003900556441,463,13,16,433
4000000222717144,435,3,8,434
4000000212723475,463,13,15,440
4000000312063619,451,9,13,450
4000001830126675,463,13,15,454
4000001850110098,440,6,16,439
3104920033000384425,435,3,6,434
4000000006264804,440,6,16,439
4000000211503538,435,3,16,434
4000000221693379,463,13,16,447
4000000221742772,436,3,15,434
4000001855109740,435,3,16,434
4000003912401358,451,9,16,450
4000140110268330,431,2,6,430
4000000222124169,431,2,15,430
4000000223466679,440,6,17,439
4000000224212023,463,13,16,437
4000001512570670,444,7,14,443
4000001850173435,431,2,15,430
3104920031000702190,450,9,13,448
4000001840414614,453,10,16,452
3104920031002303823,463,13,17,435
4000000213278694,440,6,16,439
4000000213963366,435,3,14,434
4000000217268941,440,6,14,439
4000000223081263,463,13,17,431
4000000223741143,454,11,17,453
4000001850140348,439,5,19,438
4000000220117394,431,2,16,430
4000000212948887,1260,9,13,1252
4000000217457808,1249,4,9,1211
4000000222728001,1258,8,13,1228
4000000224183651,1249,4,7,1245
4000140210022467,1253,6,11,1240
4000000215541448,1260,9,13,1256
4000140112824125,1260,9,16,1243
4000000214503474,1238,0,13,1234
4000000217423296,1249,4,9,1241
4000000223186288,1239,0,15,1227
4000000223239644,1239,0,4,1221
4000140110353722,1260,9,13,1226
4000000310248980,1251,5,11,1241
4000001512602616,1253,6,13,1228
4000001512608168,1253,6,9,1232
4000001840380109,1248,3,12,1231
4000000222869211,1277,16,19,1219
4000000214928137,1260,9,13,1251
4000000216708057,1260,9,12,1236
4000001520402431,1265,11,13,1245
3104920033000613831,586,2,15,585
4000140112123398,578,0,7,566
4000140112183378,582,1,6,581
4000140112257915,595,6,9,594
4000140112542431,595,6,13,594
4000140129001132,578,0,15,565
4000140112867934,578,0,15,569
4000140127074114,578,0,9,566
4000000214172024,599,8,15,586
4000003914231941,598,7,16,597
4000140112408255,595,6,11,594
4000140122029923,582,1,15,581
4000140127047702,597,7,16,591
4000140110069214,598,7,15,597
4000140110152572,582,1,4,580
4000140129057960,578,0,15,573
4000001840173041,595,6,17,594
4000003900625299,578,0,15,571
4000140110378946,589,3,13,588
4000140112156545,592,4,13,585
4000000212511957,589,3,10,588
4000000213877773,599,8,15,592
4000140112812912,578,0,19,576
4000150210066589,601,9,13,600
4000000213568099,597,7,14,596
4000000217251936,593,5,15,588
4000003918974709,589,3,15,588
4000140112809597,582,1,15,581
4000140112883798,578,0,4,572
4000140129093711,599,8,10,597
4000000214344348,599,8,15,591
4000000221189751,578,0,15,571
4000000222495523,582,1,6,580
4000001840582613,593,5,9,579
4000003939229099,582,1,6,580
4000140112277588,601,9,13,600
4000001840860727,599,8,15,586
4000140112541330,612,13,15,606
4000140129083538,582,1,4,580
4000000210321441,593,5,15,591
4000000222418146,593,5,15,590
4000140110161916,597,7,10,582
4000140112063326,578,0,15,576
3104920032000698834,923,4,19,922
4000140112831737,921,3,10,911
4000140120113087,928,8,13,927
4000000221096579,914,0,13,907
4000030111012050,936,12,15,929
4000030110469372,930,9,13,927
4000140110691344,923,5,13,922
4000000310437391,923,4,19,922
4000140110181395,930,9,14,929
4000001830208408,634,8,15,633
4000140112695211,632,7,11,631
4000000222498301,619,1,15,617
4000001855057122,627,4,7,626
4000140122040638,632,7,10,631
4000140127083214,637,9,11,636
4000200110015366,621,2,6,599
4000000217606504,640,10,13,639
4000001855123443,648,13,15,642
4000003926840529,629,6,13,623
4000140110358033,616,0,6,597
4000140112227566,616,0,12,608
4000030129009669,637,9,12,636
4000140122029991,628,5,6,627
4000000214596416,616,0,13,595
4000000312174989,640,10,12,639
4000140112730652,637,9,12,636
4000003919757398,625,3,6,624
4000140112554145,619,1,7,618
4000200112032990,619,1,10,617
4000003934304824,622,2,6,621
4000140110119491,632,7,15,631
4000140110124843,632,7,10,631
4000140122040601,632,7,10,631
4000000216742612,625,3,6,624
4000000310021815,641,11,15,630
4000000221677804,637,9,15,636
4000001512482182,637,9,11,636
4000001850170462,621,2,15,610
4000140110075269,625,3,6,624
4000140112531573,627,4,13,626
4000140112726716,616,0,1,610
4000140127047727,627,4,9,626
4000003907690972,622,2,6,621
4000140110371311,629,6,15,620
4000140112945096,616,0,13,601
4000000210186649,637,9,12,636
4000000212839751,637,9,13,636
4000000212954973,616,0,12,604
4000000216722955,632,7,15,631
4000140110523836,909,4,6,908
4000000215136328,909,4,6,908
4000000220914034,922,11,15,921
4000001830208309,908,4,12,902
4000000212182988,910,5,15,909
4000001840765211,931,14,19,930
4000140110523576,909,4,9,908
4000140210096866,900,0,16,890
4000140110108534,902,1,6,897
3104920031000677186,904,2,15,903
4000001517622929,911,6,13,902
4000140110270924,909,4,6,908
4000140112944661,908,4,7,905
4000003927744618,910,5,15,909
4000140110363776,911,6,15,903
4000003944940506,947,7,13,946
3104920032000660859,951,9,13,936
4000140129044307,958,12,15,942
4000140110358462,942,4,6,926
4000003921946373,968,15,16,952
4000030129011962,951,9,11,945
4000000216873817,951,9,14,943
4000003939849966,937,2,15,935
3104920031001823987,947,7,15,946
3104920031001854024,932,0,9,917
4000140110272862,933,1,7,917
4000140122019513,932,0,10,923
4000140112779451,933,1,4,918
4000003937313474,949,8,13,948
4000000216401484,951,9,12,937
4000140112159988,945,6,9,944
4000003939150305,947,7,16,946
4000001830347694,576,4,9,562
4000000213382466,564,0,15,560
4000140112124077,577,5,12,575
4000140112534071,565,0,15,558
4000140129052405,565,0,15,550
4000200112014409,570,2,7,569
4000140110249012,567,1,6,566
4000140110341069,579,6,15,578
4000140110354778,584,8,11,583
4000140110357691,564,0,10,551
4000140112034762,564,0,11,562
4000140112635377,573,3,4,572
4000140129053238,564,0,12,558
4000140210086934,579,6,10,578
4000140210098104,569,2,15,558
4000140120274691,573,3,13,572
4000140112616321,581,7,15,574
3104920031000364256,587,9,11,586
4000000007623179,569,2,14,564
4000030111116885,573,3,15,572
3104920033000403308,582,7,12,581
4000000001349969,587,9,13,586
4000003933656104,593,12,13,592
4000140110268462,579,6,8,578
4000140129058741,581,7,16,564
4000140129061028,579,6,9,578
4000140129081557,564,0,15,562
4000140112732822,581,7,15,577
4000140120214724,564,0,3,557
4000140110357943,587,9,19,586
4000140112034944,564,0,11,560
4000140112059232,564,0,15,556
4000140112643170,579,6,15,578
4000140112794640,564,0,15,549
4000003911953231,567,1,6,566
4000000210872890,592,12,13,591
4000000213162522,587,9,16,586
4000140110508792,579,6,15,578
4000140112267821,564,0,15,558
4000140112418552,579,6,11,578
4000140112588687,567,1,6,566
4000140110394242,725,9,11,719
4000140112542971,717,4,6,716
4000140210003605,725,9,14,724
4000140129093653,736,13,15,728
3104920031320099780,709,1,12,706
4000000210224881,722,8,16,713
4000001855298295,709,1,8,698
4000003904807359,723,8,12,722
4000001840123377,731,12,15,727
3104920032000350907,708,0,8,696
4000003939298852,710,1,17,709
4000030110342240,715,3,15,714
4000140112159016,717,4,6,716
4000140129083538,717,4,6,716
4000140110436736,710,1,7,709
4000001512604462,710,1,4,709
4000000215086190,718,5,13,707
4000000211682546,510,13,17,498
4000003927396067,495,7,16,494
4000140110384605,475,0,3,469
4000140112761333,490,6,10,486
4000000001281875,488,5,8,485
4000000007030605,510,13,16,493
4000000211120942,487,4,15,486
4000000211157225,488,5,15,477
4000000215736485,510,13,16,494
4000003925110244,499,9,15,498
4000003927354558,488,5,16,469
4000000217399596,488,5,15,483
4000001511920787,490,6,16,474
4000001520391211,495,7,15,494
4000001530128619,491,6,9,490
4000001840033139,484,3,17,483
4000150210070291,499,9,17,498
3104920031320100927,477,1,14,469
3104920031002064912,491,6,16,490
4000000222775820,475,0,13,472
4000001840457448,503,11,19,502
4000001855106091,499,9,17,498
4000003910513259,514,15,17,513
4000003944294509,488,5,16,477
4000000214264836,510,13,15,503
4000001520260533,487,4,15,486
4000001520322302,490,6,15,489
4000003903770163,484,3,16,483
4000003909471378,484,3,15,483
4000003918949065,499,9,15,498
4000140110152518,475,0,15,463
4000140122006704,491,6,9,490
4000003904799501,490,6,16,476
4000140110163497,487,4,6,486
4000140110247840,495,7,10,494
4000140110310816,477,1,6,476
4000140112542893,495,7,15,494
4000001512402288,479,2,15,475
4000001512618176,480,2,16,479
4000140210016086,495,7,13,494
4000000216977284,499,9,16,498
4000000221839111,490,6,16,486
4000000222367381,499,9,19,498
4000000223774167,488,5,15,473
4000000310692354,495,7,19,494
4000003903088812,495,7,14,494
4000000217488129,488,5,10,480
4000003904744859,510,13,16,496
4000003930630998,490,6,17,476
4000000211797635,501,10,17,484
4000000223148833,496,8,13,486
4000001840894399,491,6,15,490
4000001850015832,505,12,15,500
4000001520164459,501,10,16,489
4000001840676929,503,11,13,502
4000003903080384,502,10,14,501
4000003905518306,499,9,15,498
4000000007511912,496,8,17,480
4000000210258164,505,12,16,502
4000000217082427,501,10,16,492
4000000214460095,913,11,12,895
4000001840980744,909,9,13,908
4000140112567960,891,1,6,890
4000140112993350,905,8,15,888
4000003936329843,912,10,15,886
4000140112824216,906,8,15,905
4000200110027729,909,9,16,908
4000000221450352,904,7,17,891
4000003926957689,897,3,9,881
4000030110913670,919,13,15,906
3104920033000035134,906,8,15,905
4000140129088060,891,1,6,890
4000000211101269,902,6,13,901
4000140110668995,906,8,15,905
4000001510038590,912,10,14,898
4000003914282186,902,6,15,901
4000001830050249,891,1,6,890
4000003934567130,902,6,16,901
4000000220397660,924,16,19,903
4000003942346606,904,7,13,900
4000140112229119,891,1,6,890
4000000221393477,922,15,16,909
4000003918030898,919,13,16,910
4000140112818401,906,8,15,905
4000140127056385,891,1,12,890
4000000215241834,1064,2,11,1063
4000000310497428,1078,9,12,1077
4000140112176938,1059,0,6,1052
4000140210095624,1059,0,11,1056
4000000214313131,1078,9,13,1077
4000000214432468,1072,6,12,1071
4000001520448892,1075,7,15,1074
4000140110551846,1059,0,13,1051
4000140112400423,1067,3,13,1066
4000140112632980,1059,0,6,1056
4000140122024702,1064,2,11,1063
4000140127105420,1075,7,12,1074
4000150210089793,1096,17,19,1094
3104920031000809359,1078,9,15,1075
4000000215135281,1072,6,9,1067
4000000227022016,1078,9,12,1073
4000001512598361,1072,6,19,1066
4000001840469118,1075,7,11,1074
4000003900472309,1075,7,15,1074
4000003917544036,1078,9,15,1075
4000140112003821,1067,3,6,1066
4000000223964739,1069,4,15,1065
4000001840448415,1061,1,7,1060
4000140112831175,1061,1,6,1060
4000000212724238,1059,0,13,1054
4000140110353010,1064,2,4,1063
4000140129002436,1061,1,15,1060
4000000223437729,1076,8,14,1072
4000003938028793,1089,13,19,1088
4000030110803318,1064,2,4,1063
4000140110121628,1078,9,15,1077
4000140112824126,1064,2,15,1063
4000140210072586,1078,9,11,1074
4000140110566807,1061,1,6,1060
4000000214793442,660,6,11,651
4000140127066261,658,4,6,657
4000140129024074,648,0,7,644
4000000310823962,666,9,14,665
4000140112704128,666,9,15,665
4000140112818484,666,9,15,665
4000000210032037,670,11,14,669
4000001830252602,665,9,15,662
4000140110406126,666,9,15,665
4000140110482282,648,0,15,644
4000140112731616,669,11,12,666
4000140112805339,648,0,4,639
4000001840384178,660,6,13,652
4000003901086994,658,4,12,657
4000003903002734,648,0,6,636
4000140127086896,662,7,13,656
4000000210385783,648,0,13,640
4000000221066586,681,16,19,680
4000140110163290,666,9,13,665
4000000210212701,666,9,15,665
4000000214448505,650,1,11,649
4000001840947019,662,7,16,650
4000003906207583,660,6,14,650
4000030127047900,668,10,13,663
4000140122022635,650,1,11,649
4000000220656932,666,9,15,665
4000000215738185,666,9,13,665
4000000216761021,658,4,7,657
4000000220926767,681,16,19,677
4000140112831576,666,9,15,665
4000140120201942,666,9,15,665
4000140127074062,654,3,6,646
4000140129093577,649,1,15,642
4000001840178557,810,13,16,802
4000000227016009,796,8,11,795
4000003920921191,793,6,15,782
4000030110679660,796,8,10,795
4000140112623754,788,3,4,787
4000003944191614,801,10,13,791
4000140110377051,784,2,7,775
4000001520265610,782,1,15,774
4000030120003510,801,10,12,793
4000140112812956,788,3,15,787
4000140110077537,784,2,15,779
4000000223608055,791,5,13,790
4000000210283450,1096,3,9,1091
4000140112524960,1106,8,13,1101
4000001840478265,1091,1,6,1079
4000000223963284,1104,7,13,1103
4000001840502551,1113,10,13,1103
4000150210049469,1096,3,6,1090
4000000216811966,1099,4,15,1098
4000000220243995,1110,9,15,1109
4000000222124169,1090,0,2,1087
4000000227053178,1101,6,15,1091
4000140112643294,1122,13,19,1121
4000000222694883,1103,7,12,1092
4000003902523409,1090,0,11,1086
4000140110361361,1091,1,15,1085
4000140112643026,1110,9,15,1109
4000000223152370,1099,4,13,1098
4000000211707881,1110,9,15,1109
4000001520257241,1122,13,15,1121
4000001520439047,1100,5,9,1099
4000003906734978,1117,12,16,1116
4000140112984599,1090,0,13,1087
4000000006720288,1110,9,13,1109
4000000220514096,1110,9,15,1109
4000001512581518,984,8,11,983
4000140112031153,976,6,9,967
4000000215467788,964,0,13,961
4000000215556275,974,4,7,973
3104920031001384576,972,3,11,971
4000000216444173,976,6,14,965
4000001840153450,987,9,15,986
4000030110471315,987,9,11,986
4000140110364318,976,6,9,967
4000001855204207,972,3,15,971
4000140112584096,984,8,11,983
4000140112824208,974,4,6,973
4000140112831665,977,6,10,976
4000000224165731,964,0,6,951
4000140120277093,976,6,9,972
4000140127105408,987,9,15,986
4000140112547613,976,6,13,971
4000140120005893,972,3,13,971
4000140112139149,987,9,15,986
4000140112868588,977,6,12,976
3104920032000313749,987,9,11,986
4000140110075776,976,6,13,967
4000001840351429,976,6,10,970
4000000221844794,1150,7,12,1149
4000001850134474,1151,8,10,1146
4000001855098073,1148,6,10,1146
4000140110337503,1136,0,15,1129
4000003905394306,1138,1,6,1131
4000140112726669,1145,4,13,1144
4000000229019940,1169,15,16,1163
4000140110469566,1145,4,6,1144
4000000212913244,1169,15,16,1162
4000000221667642,1138,1,7,1135
4000003918086351,1170,15,16,1169
4000001512613312,1143,3,11,1134
4000001520152833,1137,0,15,1126
4000001840219058,1137,0,11,1135
4000001840812316,1148,6,15,1139
4000140112704058,1145,4,6,1144
4000001830195370,1169,15,16,1168
4000000212522491,1150,7,16,1149
4000001840706879,1145,4,7,1144
4000140110372022,1148,6,13,1141
4000000214255328,1143,3,13,1133
4000000810033076,1159,11,17,1158
4000140112447862,1148,6,9,1142
4000140120113232,1137,0,15,1134
4000000221386917,1137,0,15,1125
3104920031001653327,867,1,15,854
4000140210070171,866,0,7,845
50000010011000858473,866,0,15,843
4000001840857229,866,0,2,854
4000140110287737,867,1,3,844
4000140110163930,872,3,6,853
4000140110168253,872,3,6,858
4000140112504853,875,5,13,874
4000000223933428,866,0,13,863
4000001830271159,868,1,5,867
4000140112954854,874,4,7,873
4000003927965549,872,3,15,855
4000000222493458,872,3,6,861
4000003904917115,872,3,6,864
4000140112523810,866,0,6,859
4000000210249350,975,12,15,974
4000140112832159,949,0,7,940
4000200112074985,957,3,11,946
4000001840701844,984,15,16,968
4000003914381858,959,4,7,954
4000140110152475,959,4,6,953
3104920031001920205,972,11,17,971
4000000210650498,954,2,15,953
4000000222297207,957,3,15,954
4000003907611177,967,9,15,955
4000140112941397,967,9,15,957
4000000213859980,949,0,13,948
4000000214587917,962,6,12,953
4000000220295742,980,13,17,967
4000000222050742,949,0,6,940
4000001520433250,967,9,13,966
4000140112017745,949,0,1,945
4000000213407656,962,6,7,959
4000000310559077,962,6,13,959
4000000210173931,530,7,15,529
4000001830278186,535,9,19,534
4000003910444229,535,9,13,534
4000003938273836,519,3,16,508
4000140110070182,523,4,7,522
4000140110687281,519,3,6,507
4000003939771879,523,4,9,522
4000140110260711,525,5,8,524
4000140110636349,520,3,6,519
4000140112636328,535,9,11,534
3104920033000061403,541,11,13,540
4000001512489089,520,3,6,519
4000001830050249,512,0,6,505
4000030129023697,552,15,16,551
4000140110490784,519,3,7,516
4000140112073336,516,2,6,508
4000140112190639,513,1,3,510
4000140122029991,512,0,5,500
4000000213115525,543,12,16,542
4000001855055250,548,13,16,546
4000140129064261,523,4,9,522
4000000210114099,548,13,17,532
4000000214216842,516,2,8,508
4000000310459031,516,2,10,513
4000001855018156,552,15,16,551
4000003901893463,517,2,6,516
4000003930464202,520,3,6,519
4000140112932367,541,11,13,540
4000140112953875,529,7,12,525
4000000211922113,519,3,11,508
4000000216720804,516,2,7,509
4000001850162156,539,10,15,537
4000001855235804,523,4,16,522
4000140112591259,525,5,15,524
4000001520053096,527,6,15,526
4000001520438484,535,9,16,534
4000001840743971,523,4,14,522
4000001840927021,519,3,19,510
4000003907772054,529,7,15,513
4000003931146501,531,8,16,518
4000140112227576,526,6,9,519
4000001830287999,535,9,17,534
4000140110384767,513,1,15,504
4000140112812998,520,3,6,519
4000140127092612,529,7,15,528
4000000216720805,516,2,6,515
4000000221207700,530,7,15,529
4000000310826431,541,11,13,540
4000140110357368,513,1,7,512
4000140120044671,527,6,7,526
4000140127069863,526,6,15,515
4000000007447205,525,5,8,524
4000000221256827,527,6,15,526
4000000221759484,519,3,6,505
4000001830049614,529,7,11,524
4000000215056121,548,13,16,540
4000000215480636,514,1,15,513
4000000222824711,526,6,9,512
4000000224117142,529,7,15,528
4000003928094787,526,6,19,521
4000003935229962,517,2,6,516
4000003941849681,516,2,9,509
4000000210393916,523,4,15,522
4000000216806806,551,15,16,541
4000000222514948,525,5,15,524
4000003904736519,519,3,11,514
4000000007012407,525,5,8,524
4000000212012494,531,8,16,522
4000000214452206,513,1,15,499
4000140110283962,844,1,8,843
4000000229012899,873,13,16,872
4000001830290548,847,2,6,846
4000000222655423,873,13,17,860
4000000216763772,847,2,6,846
4000003923196633,876,15,16,874
3104920032000890886,862,9,15,861
4000000222816820,876,15,19,872
4000030110926278,861,9,15,852
4000140112007721,873,13,15,865
4000000216648012,855,6,13,852
4000001840910121,862,9,15,861
4000140110269485,847,2,6,846
4000140112834803,857,7,16,846
4000030127027704,866,11,13,860
4000140112919087,873,13,15,870
4000140127090577,1014,6,15,1008
4000001520396393,1020,9,15,1013
4000003935378031,1014,6,14,999
4000030110980360,1031,13,17,1014
4000140112447190,1016,7,15,1015
4000140122007949,1014,6,11,1000
4000001520450722,1020,9,15,1018
4000003931120569,1011,4,19,1009
4000140129001394,1016,7,16,1015
4000000215183646,1038,17,19,1027
4000000216873188,1002,0,13,999
4000000217621178,1035,15,19,1034
4000000224010138,1002,0,13,1000
4000001850153021,1016,7,12,1015
4000140112593341,1003,1,15,993
4000140127038120,1013,5,11,1012
4000140210047316,1016,7,15,1015
4000000004953028,1006,2,15,1005
4000000211736148,1023,10,15,1022
4000000221569878,1034,15,16,1029
4000000216256046,1020,9,15,1019
4000001840167263,1009,3,15,1008
4000001855136208,1012,4,19,1011
4000003905997164,1031,13,15,1016
4000140110527460,1016,7,15,1015
4000140127105563,1014,6,13,996
4000000412002169,1006,2,14,1005
4000140120090797,1011,4,13,1010
4000140127050295,1001,0,1,986
4000200112059339,1003,1,3,997
4000003944884026,1011,4,7,1002
4000140110293381,1009,3,7,1008
4000140110464082,1003,1,15,989
4000000210440749,1031,13,15,1013
4000001840523696,1009,3,13,1008
4000003901534406,1006,2,7,1005
4000140110371854,1013,5,7,1012
4000140112779557,1016,7,9,1015
4000140122019693,1011,4,6,1010
4000140127063226,1002,0,6,1001
4000140112159187,1013,5,13,1012
4000000214161503,487,0,13,483
4000140120289688,499,4,16,494
4000200110019886,505,7,10,502
4000001840166230,510,10,16,506
4000001855289983,497,3,11,496
4000003925356022,512,11,13,511
4000140110163207,488,0,9,484
4000140110405541,489,1,6,479
4000140112626132,488,0,4,486
4000140112829470,489,1,6,479
4000003917817698,523,15,16,518
4000000216712747,493,2,16,485
4000000223732202,497,3,16,496
4000000214240674,499,4,19,493
4000000221217460,497,3,15,496
4000000224114163,493,2,15,490
4000001511914507,487,0,13,484
4000000312065028,497,3,13,496
4000001010011980,505,7,16,504
4000003924935053,508,9,13,502
4000000007461697,490,1,9,489
4000000213099376,505,7,13,501
4000001855192017,501,5,15,500
4000001860011803,506,8,15,505
4000001840365522,510,10,13,506
4000140110385200,499,4,11,498
4000140127069862,508,9,11,498
4000000006751763,511,11,13,508
4000000222406017,519,13,19,516
4000000222548661,510,10,17,504
4000000311021189,511,11,15,510
4000000223047165,506,8,12,496
4000000223418045,489,1,6,487
4000000224133971,508,9,17,501
4000140110124822,500,4,15,499
4000140127004772,503,6,10,502
3104920031002985611,489,1,6,477
4000000221651285,487,0,15,482
4000000310891446,489,1,6,480
4000001840941652,522,14,17,520
4000001850115443,493,2,4,480
4000000210474820,511,11,15,502
4000000211639224,519,13,16,514
4000000221669937,508,9,16,501
4000000221759363,522,14,17,520
4000000215561087,505,7,17,501
4000000222580413,505,7,15,497
4000001855208211,488,0,11,481
4000140110213710,499,4,6,495
4000140110455821,502,6,14,497
4000000217239273,501,5,16,500
4000000224209568,519,13,17,514
4000000211555121,1084,3,15,1081
4000000214412588,1090,6,12,1089
4000000221193506,1077,0,13,1074
4000000227020642,1077,0,6,1064
4000001512514448,1081,2,15,1072
4000003902571013,1096,9,15,1095
4000000224255435,1102,12,13,1101
4000003912137010,1102,12,13,1101
4000030127048065,1094,8,14,1083
4000001520328851,1088,4,7,1070
4000030110926221,1099,11,13,1088
4000140112573961,1079,1,3,1078
4000140112834697,1084,3,6,1070
4000000312141622,1096,9,13,1095
4000000222819751,1090,6,9,1084
4000000312024512,1098,10,16,1088
4000001520241992,1084,3,15,1074
4000003904765559,1096,9,14,1095
4000000217161917,1079,1,7,1078
4000000222785154,1081,2,11,1063
4000000213340952,1084,3,15,1075
4000000217022333,1098,10,13,1093
4000140120215108,1090,6,10,1075
4000140120277426,1079,1,6,1078
3104920031320147241,1106,13,15,1099
4000000007283028,1094,8,11,1079
4000000221901198,1093,7,12,1092
4000000221850676,1093,7,12,1092
4000001830028801,1084,3,8,1067
4000001850219219,1096,9,15,1095
4000140112636378,1079,1,3,1078
4000140210022424,1081,2,11,1076
4000150210089570,1084,3,15,1066
4000000006833607,1090,6,15,1076
4000000220778330,1096,9,17,1095
4000003904396952,1099,11,15,1097
4000030110205234,1077,0,15,1060
4000140112636142,1093,7,13,1092
4000140210096321,1081,2,14,1064
4000000007095118,1094,8,12,1083
4000000211599221,1096,9,15,1095
4000001520331883,1200,2,15,1186
4000001840287089,1214,8,14,1213
4000003937179698,1210,6,13,1189
4000003939755374,1204,3,15,1203
50000010011000860095,1198,1,5,1197
4000001840362098,1217,9,13,1200
4000001855027410,1217,9,12,1201
4000140112916336,1200,2,7,1177
4000000213285511,1196,0,13,1180
4000001010942197,1200,2,7,1188
4000001850212938,1217,9,12,1204
4000000212760012,1198,1,4,1197
4000000213208742,571,9,13,570
4000000217057724,584,13,14,581
4000001520027371,561,6,15,559
4000003908674898,584,13,16,578
4000030127049598,565,7,10,564
4000140127030339,571,9,15,570
4000140122006326,571,9,15,570
4000000210211593,584,13,14,577
4000000223229820,561,6,15,556
4000000311008801,584,13,14,579
4000001855049880,571,9,11,570
4000140127074074,571,9,15,570
4000140210087700,565,7,11,563
4000003944525022,565,7,16,563
4000140110273416,561,6,13,558
4000150210013750,571,9,15,570
4000000210595460,577,11,13,576
4000000212982493,571,9,11,570
4000000216801892,571,9,13,570
4000001850000016,559,4,7,558
4000030127049600,565,7,10,563
4000140112447156,547,0,10,536
4000030110934988,571,9,15,570
4000140110327070,561,6,15,552
4000140110371213,584,13,14,575
4000000220104006,553,2,16,552
4000003903916423,559,4,13,558
4000003904267202,584,13,16,578
4000140110376768,547,0,10,539
4000000210122571,588,15,16,587
4000001830310584,579,12,15,578
4000140110287637,565,7,13,564
4000140110428738,550,1,3,549
4000003908710966,579,12,14,578
4000000007011883,462,11,17,457
4000001850191623,448,6,15,447
4000003910465133,451,7,19,450
4000140112159164,433,0,8,429
4000140112921565,435,1,9,434
4000000006172135,445,5,8,444
4000000213704463,435,1,7,434
4000000220743993,444,4,13,443
4000000215666550,470,13,16,469
4000000221482241,448,6,9,447
4000001840225107,461,10,13,460
4000001840597159,474,15,16,469
4000001855286502,441,3,9,438
4000140112144123,465,12,19,464
4000000220588684,445,5,15,444
4000000222572464,444,4,15,439
4000001830187544,474,15,16,471
4000001855218255,473,14,16,469
4000140112147186,438,2,6,435
4000140110353650,444,4,16,443
4000140112029080,435,1,15,434
4000140112214288,444,4,6,443
4000000211618473,441,3,19,437
4000000310207090,441,3,15,436
4000001511916297,448,6,16,447
4000001830332215,462,11,13,454
4000150210005540,474,15,17,468
3104920032000848520,444,4,9,443
4000000007550205,454,8,17,453
4000000210943109,451,7,16,450
4000001512365068,462,11,15,460
4000001840366468,448,6,8,447
4000030110888499,458,9,16,457
4000140110401221,458,9,13,457
4000140127074145,448,6,8,447
4000140210024332,441,3,16,437
4000150227000686,458,9,13,457
4000000220985012,444,4,8,443
4000000221925305,433,0,13,430
4000003900246649,465,12,15,464
4000000212867575,435,1,7,434
4000000213917833,451,7,13,450
4000140110270886,441,3,6,436
4000140129035336,444,4,15,439
4000000311128768,464,12,16,459
4000001850130674,445,5,15,442
4000003929863992,470,13,16,469
4000001840861079,765,12,13,764
4000140110299778,758,9,15,755
4000140120216145,729,0,15,726
3104920032000377587,729,0,12,714
4000000210519328,758,9,15,748
4000030110677274,729,0,6,712
4000030120031102,729,0,15,722
3104920032000650280,729,0,9,713
4000000214382740,736,3,15,735
4000000223549121,736,3,10,735
4000000213658331,773,15,16,751
4000030127049584,731,1,14,730
4000140122022696,731,1,12,730
4000200112015777,729,0,5,725
4000000212953974,758,9,15,739
4000000216595937,775,16,19,768
4000000221099356,729,0,6,714
4000140112704006,729,0,15,710
4000140120013741,729,0,15,725
4000001520284859,769,13,16,744
4000001850200910,772,14,17,771
4000003912591757,761,10,15,733
4000140112113771,731,1,15,730
4000200112032805,729,0,4,727
4000003944017871,759,9,15,758
4000030120007148,729,0,15,715
4000030127021489,729,0,6,710
4000140120201314,769,13,16,751
3104920032000314358,741,6,11,719
4000000223426389,729,0,15,709
4000140112636169,731,1,4,730
4000001830369452,1031,2,11,1013
4000150210006641,1040,6,9,1030
4000001520204020,1040,6,16,1022
4000001850042780,1063,17,19,1062
4000140210096313,1042,7,17,1022
4000140110373869,1027,0,6,1023
4000140112288327,1037,4,7,1023
4000000221680089,1045,9,10,1040
4000000310733872,1042,7,12,1035
4000001850083301,1043,8,14,1026
4000140110460719,1029,1,6,1028
4000140127090537,1040,6,12,1023
4000001840998069,1037,4,14,1031
4000030110617712,1045,9,15,1043
4000000216867623,1045,9,12,1043
4000001840947680,1045,9,15,1026
4000001850137936,1040,6,16,1027
4000140112703640,1037,4,10,1029
4000003938497045,1035,3,6,1034
4000000221929732,1045,9,13,1040
4000003931515593,1038,5,9,1018
4000140110394242,1045,9,11,1029
4000140112835364,1027,0,6,1016
4000000210356700,1029,1,6,1028
4000000212439139,1027,0,13,1023
4000001840292732,1037,4,13,1021
4000001512606055,1183,4,7,1182
4000000214582239,1181,3,13,1180
4000001840818938,1184,5,13,1183
4000000810083442,1191,9,15,1179
4000140112927560,1185,6,16,1175
3104920031000427244,1194,10,15,1184
4000140110133084,1183,4,8,1182
4000030110755438,1191,9,15,1170
4000140129045706,1173,0,9,1171
4000140112675363,1198,12,13,1197
4000000220246812,1191,9,15,1170
4000140112594966,1185,6,16,1173
4000140112834697,1185,6,13,1181
4000200110019916,1181,3,8,1180
4000001840117884,1194,10,12,1179
4000003907116149,1176,2,14,1174
4000030110316216,1194,10,19,1178
4000000213697763,1191,9,11,1176
4000030127055419,1176,2,14,1172
4000140127065117,1181,3,11,1180
4000000224265746,1189,8,13,1188
4000003906310902,645,11,19,643
4000140112169072,630,3,15,628
4000140112006424,641,9,14,637
4000000220500071,644,10,13,642
4000000312405493,626,2,9,625
4000140112783004,638,7,9,637
4000000215011619,621,0,7,620
4000140110287470,621,0,13,617
4000140110371329,623,1,15,622
4000001855039146,1133,10,13,1127
4000001520425222,1141,13,16,1131
4000001840875084,1126,7,17,1125
4000140210053366,1123,6,15,1104
4000000224122996,1123,6,15,1122
4000003909507402,1119,3,6,1118
4000000223972042,1115,2,15,1095
4000001520167321,1111,0,13,1100
4000150210006598,1126,7,15,1125
4000000006652599,1147,17,19,1145
4000000217479285,1130,9,15,1125
4000140210095589,1137,12,16,1136
4000000223936292,1133,10,14,1122
4000001855118516,1130,9,16,1114
4000003905497418,1121,4,7,1120
4000003944904505,1111,0,6,1090
4000140112620656,1127,8,14,1125
4000001840731023,1137,12,17,1136
3104920033000237953,1126,7,16,1125
4000000210440749,1144,15,19,1133
4000000217258058,1130,9,14,1112
4000000221573686,1121,4,14,1120
4000001512417900,1121,4,12,1120
4000030129002945,1121,4,8,1120
4000140110662309,1127,8,9,1112
4000001840223843,1228,0,15,1215
4000001840883193,1238,0,15,1233
4000003903143312,1242,0,14,1240
3104920031002076130,1233,0,9,1202
4000000227022182,1223,0,15,1219
4000000227028572,1250,0,16,1245
3104920032000379310,1242,0,14,1240
4000001512525621,1242,0,15,1240
4000003933942643,1235,0,12,1214
4000000215661744,1238,0,15,1199
4000001855109263,1244,0,15,1241
4000003909615635,1235,0,15,1217
4000000227052381,1238,0,15,1219
4000003919583020,1233,0,16,1224
4000000215673286,1238,0,9,1221
4000000222392271,1226,0,11,1216
4000030111073961,1238,0,9,1216
4000003933974505,768,9,13,767
4000140112533100,749,0,13,741
4000140110452659,762,6,13,761
4000000216748501,756,3,11,747
4000000005069032,771,10,13,770
4000140120010806,771,10,15,768
4000001840274245,768,9,13,767
4000001840568556,766,8,13,764
4000000217471746,764,7,15,763
3104920031000636224,690,4,8,689
3104920031000364256,701,11,13,693
4000003910463582,697,9,13,693
4000003910949048,697,9,12,691
4000000227053074,683,2,13,680
4000003903601165,683,2,7,678
4000003909716069,690,4,7,689
4000000223167624,700,10,14,694
4000003927850276,680,0,13,672
4000140112984721,680,0,11,679
4000140120208687,682,1,15,681
4000000210944989,684,2,15,683
4000000224267881,680,0,7,676
4000003926016500,683,2,5,677
4000140110139906,680,0,4,672
4000140110277996,680,0,11,679
4000000221582477,711,15,19,708
4000140110167809,681,1,6,678
4000000221835346,709,7,12,708
4000001830172902,704,4,15,690
4000003906559544,714,9,16,713
4000140110352907,704,4,6,691
4000140127047778,704,4,7,703
4000140210016071,697,1,15,696
4000030111000642,702,3,13,692
4000001520018298,695,0,6,681
4000000215167554,695,0,13,690
4000000222181816,695,0,11,687
4000140112936599,704,4,13,691
4000140129081994,713,9,11,710
4000140129084582,695,0,17,692
4000001512495058,713,9,12,711
4000003926445769,702,3,15,698
4000001850104286,727,15,16,722
4000000004752884,713,9,13,700
4000000220698179,713,9,12,710
4000000221853822,697,1,19,696
4000001840486879,704,4,7,689
3104920031002244522,1286,9,15,1285
4000001830228242,1286,9,12,1285
4000001840881693,1286,9,15,1285
4000140110299660,1274,3,15,1273
4000140112583018,1286,9,15,1285
4000000224162921,1274,3,11,1273
4000001830331221,1286,9,11,1285
4000000214998786,1283,8,13,1282
4000000312141622,1290,11,13,1270
4000003903365380,1279,6,11,1275
4000003911002555,1285,9,12,1269
4000140110457812,1280,6,8,1279
4000000211516850,1274,3,13,1273
4000000220670066,1283,8,12,1282
4000001855227350,1286,9,11,1285
4000000216162334,1285,9,14,1261
4000001850182516,1286,9,15,1285
4000030110979944,1286,9,13,1285
3104920031001715050,1274,3,11,1273
3104920031002076122,1286,9,12,1285
4000000214596806,1274,3,13,1273
4000003912141357,1277,4,14,1276
4000140110357946,1278,5,15,1277
4000140110688574,1274,3,6,1273
4000000210529420,1286,9,12,1285
4000000221542548,1283,8,10,1282
4000000310771480,1281,7,16,1273
4000001512553427,1289,10,13,1273
4000003905815731,1286,9,15,1285
4000003929871135,1285,9,15,1279
4000003935648149,1278,5,16,1277
3104920031002076130,1286,9,12,1285
4000000000960384,1286,9,15,1285
4000000227004529,1274,3,11,1273
4000001830155911,1286,9,15,1285
4000000213240841,1286,0,13,1277
4000000214960505,1310,17,19,1306
4000150210005540,1295,10,15,1294
4000003901631783,1290,1,15,1274
4000000221393477,1303,13,15,1301
4000004027009731,1286,0,11,1277
4000000215480880,1286,0,13,1283
4000000215570897,1292,9,13,1290
4000003926652977,1296,11,14,1290
4000140122032068,1285,0,6,1273
4000000220713183,1321,9,12,1320
4000030127041831,1310,3,15,1305
4000140127090457,1317,7,10,1309
4000000217571272,1321,9,11,1320
4000003911387940,1323,10,12,1302
4000003908495718,1321,9,13,1320
4000000312293467,1321,9,12,1320
4000001520016313,1304,1,15,1281
4000000221281813,673,1,9,667
4000003929320849,687,8,15,670
4000140112134498,683,6,8,664
4000140112546468,684,6,13,683
4000140112665760,694,11,15,693
4000140129092645,684,6,10,683
4000140110285053,684,6,9,683
4000003936850540,683,6,9,663
4000140112642894,684,6,9,683
4000000211182028,683,6,10,661
4000140110141204,681,4,8,670
4000000210995306,690,9,12,689
4000001512374512,683,6,13,677
4000140110221206,687,8,15,663
4000140110268369,673,1,15,657
4000140110401824,687,8,15,673
4000140112732985,673,1,15,666
4000140120033728,673,1,7,665
4000000223796249,672,0,11,669
4000003917227587,672,0,19,661
4000001512597012,1375,7,13,1358
4000000222114293,1375,7,16,1367
3104920031000163971,363,2,13,364
4000003935160003,373,7,16,372
4000140127039906,371,6,13,370
4000000221319645,356,0,7,357
4000000221391388,363,2,17,373
4000000222904842,361,1,15,360
4000000223738817,361,1,16,360
4000000224096432,377,9,16,391
4000000224255380,375,8,16,374
4000001510047889,371,6,15,370
4000000227049839,356,0,15,356
4000001850187506,392,15,16,391
4000003920877131,366,3,16,380
4000140112954828,363,2,7,363
50000010011000714859,366,3,15,381
4000000214677671,392,15,16,391
4000000215558495,373,7,13,372
4000003926835160,381,11,13,386
4000140112831970,361,1,7,360
4000140129001183,388,13,16,400
4000150210063465,367,3,8,366
4000000221529114,355,0,15,358
4000000223378967,354,0,8,355
4000000224170143,366,3,13,374
4000140110521554,368,4,9,378
4000140127030346,380,10,15,379
3104920032000848835,361,1,16,360
4000000004338076,388,13,16,400
4000000210868941,373,7,16,372
4000000217471253,373,7,17,372
4000000223944208,371,6,16,370
4000140210023635,363,2,14,373
4000000213102476,354,0,8,355
4000000222504494,363,2,13,367
4000000222806569,354,0,8,358
4000001512488859,382,11,19,381
4000001512542576,388,13,16,402
4000001520080178,354,0,6,356
4000140129044394,361,1,6,360
4000000216941681,384,12,13,383
4000000222282833,368,4,8,374
4000000223048716,367,3,15,366
4000140112832248,354,0,13,357
4000140112927570,380,10,16,379
4000140129081523,366,3,13,368
4000000224012306,361,1,7,360
4000001512495593,368,4,14,379
4000001520219609,363,2,16,367
4000001830289790,377,9,16,377
4000140110262163,366,3,11,367
4000140112802588,366,3,13,375
4000140112916113,363,2,16,378
4000000810079297,368,4,13,374
4000140112192566,363,2,7,366
4000140112572141,357,0,7,357
4000000214448966,357,0,19,357
4000000217487300,354,0,16,357
4000000220310089,367,3,8,366
4000000221694374,377,9,16,390
4000140110433643,361,1,7,360
4000140112142095,380,10,16,379
3104920033000035746,361,1,6,360
4000000210134343,361,1,7,360
4000000210226699,371,6,15,370
4000000220654961,384,12,13,383
4000000224126515,371,6,15,370
4000000212722473,361,1,16,360
4000000214585918,384,12,15,383
4000000221427815,388,13,16,388
4000000221475263,356,0,13,359
4000003915924880,371,6,13,370
4000003924993007,377,9,16,377
4000003926987541,380,10,16,379
4000000215558596,1065,6,15,1061
4000003921257737,1070,8,16,1044
4000140112616321,1067,7,15,1049
4000003900444614,1074,9,15,1073
4000140120110697,1055,2,14,1035
4000140122011564,1059,3,13,1058
4000000211760571,1062,4,11,1061
4000000312223462,1065,6,13,1057
4000140112855584,1055,2,4,1053
4000001830168475,1090,15,16,1064
4000000223458656,1062,4,13,1061
4000000310521486,1073,9,15,1060
4000030110996342,1051,0,17,1039
4000000223832234,1081,12,15,1080
4000000223945227,1081,12,15,1080
4000001512542586,1077,10,13,1075
4000001520428119,1073,9,15,1065
4000003926733980,1074,9,15,1073
4000140210097794,1067,7,14,1043
4000000217248665,1073,9,14,1051
4000000310990962,1068,7,9,1067
4000140110630914,1059,3,6,1058
4000140112003804,1068,7,15,1067
4000000007231397,1070,8,19,1055
4000000221161908,1081,12,15,1080
4000000223226301,1068,7,15,1067
4000000223598185,1056,2,11,1055
4000140112431558,1070,8,11,1059
4000000214787966,1070,8,14,1055
4000000222023349,1090,15,17,1078
4000003900230684,1074,9,15,1073
4000000212970378,399,11,15,398
4000140110363609,379,1,12,378
4000140110390575,386,4,13,385
4000140112007668,411,15,16,410
4000200112010775,375,0,6,369
4000000004460821,390,7,17,388
4000000210321010,386,4,12,375
4000000220001369,399,11,16,398
4000000223330869,407,13,16,406
4000001512582746,381,2,16,380
4000001512616753,392,8,18,391
4000000221921518,384,3,16,376
4000001512612294,379,1,4,378
4000000217129369,407,13,15,406
4000000221281989,384,3,6,375
4000001520446503,407,13,15,406
4000140110083238,381,2,15,380
4000140110270949,407,13,19,406
4000001512457029,388,6,15,375
4000140110365112,375,0,13,363
3104920031001263499,384,3,6,381
3104920031002501160,388,6,16,376
4000000214316534,381,2,7,380
4000000215224190,407,13,15,406
4000000221249419,391,7,14,390
4000001840548055,384,3,7,370
4000150110018503,381,2,7,380
4000000210346538,388,6,16,386
4000000217628711,388,6,14,386
4000000220875408,387,5,19,386
4000000221154319,407,13,15,406
4000000223105960,384,3,6,382
4000140112680632,386,4,6,374
4000140122007939,406,13,17,390
4000000211266671,397,10,14,394
4000000212722695,386,4,13,374
4000000215504245,411,15,17,410
4000000217003568,411,15,16,410
4000000223147134,386,4,7,381
4000000216833360,379,1,15,378
4000140110042294,411,15,16,410
4000140112077179,407,13,15,406
4000140129093664,411,15,16,410
4000000006877141,411,15,16,410
4000000217550339,381,2,8,380
4000000222655423,406,13,17,398
4000000214146750,379,1,7,378
4000000215316143,384,3,6,379
4000003934235006,407,13,16,406
4000004027009764,387,5,13,381
4000000005563508,407,13,15,406
4000000212571320,388,6,13,383
4000000215304238,390,7,13,377
4000000221099117,497,0,6,495
4000001850042780,531,13,17,530
4000140112791348,497,0,6,489
4000140127069862,522,11,13,512
4000003936822856,511,6,15,509
4000140110503371,514,7,13,513
4000140120324037,531,13,15,530
4000200110017182,512,6,15,509
4000000213548622,517,9,15,516
4000000220685867,508,5,16,505
4000000310786267,497,0,9,491
3104920031001426815,504,3,10,502
3104920031002419702,497,0,8,488
4000000000960391,517,9,13,511
4000000212747684,531,13,16,530
4000001830048350,497,0,11,495
4000001855197008,497,0,8,496
4000003903429891,505,3,19,504
4000000222313122,517,9,15,514
4000001830154754,517,9,12,516
4000001830196038,497,0,6,493
4000003903694638,506,4,13,503
4000140112023226,506,4,6,500
4000140112584691,510,6,9,509
4000140127052706,522,11,15,514
4000001830095774,510,6,15,509
4000001840599665,522,11,16,512
4000001855029727,509,6,15,505
4000140110371387,514,7,9,513
4000140110378946,499,1,3,497
4000140112288308,511,6,15,509
4000000210003252,524,12,15,518
4000000214580924,531,13,16,530
4000000224012808,534,15,16,532
4000003909659063,510,6,10,509
4000140112179077,505,3,6,504
4000140122043178,517,9,12,508
4000000215373325,515,8,12,509
4000001512554017,534,15,16,530
4000001830228282,501,2,17,494
4000001855119025,521,10,13,520
4000140112096491,497,0,15,491
4000140210014900,512,6,15,511
4000000224234756,517,9,15,510
4000001830194108,497,0,6,492
4000000210807520,499,1,7,498
4000001520208329,531,13,16,530
4000001840711652,531,13,17,530
4000001840931937,514,7,14,513
4000003930618913,512,6,15,510
4000000217320623,531,13,16,530
4000000220266435,497,0,6,493
4000000221836487,511,6,8,510
4000000224216692,671,14,19,661
4000003910514470,672,15,16,671
4000140110363609,639,2,12,632
4000140120201427,651,7,12,650
4000003909028362,661,11,16,660
4000140110108469,668,13,15,657
4000140110128521,646,4,15,645
4000140112801941,648,6,8,645
4000000222392287,642,3,10,632
4000003944926829,672,15,16,666
4000140110157128,636,1,3,623
4000140112580294,648,6,13,638
4000140112639817,639,2,15,630
4000140112919000,643,3,15,642
4000140127063226,642,3,10,641
4000030111003291,643,3,6,642
4000140112831665,648,6,10,638
4000140127039894,648,6,9,638
4000000214557777,656,9,15,641
4000140110534311,648,6,13,640
4000000000394956,643,3,7,642
4000140120060270,636,1,10,626
4000000215057906,781,6,13,766
4000001830183566,779,5,15,763
4000003903762822,779,5,15,763
4000030110940156,798,13,15,781
4000140120247302,771,1,7,760
4000000224083784,785,8,15,782
4000003906602057,773,2,7,767
4000000214122973,792,11,13,778
4000000220985075,776,3,15,772
4000140112492411,788,9,13,783
4000000221228927,791,10,14,773
4000000222732179,798,13,15,792
4000000220309849,776,3,9,759
4000000221682007,783,7,13,782
4000000222714532,773,2,15,771
4000001830359869,791,10,15,786
4000140112833461,798,13,16,796
4000140112935265,771,1,15,762
4000000000394956,783,7,16,782
4000000211553143,776,3,8,767
4000140120068502,776,3,7,773
4000000007035086,407,6,16,405
4000000220132889,402,3,15,401
4000000223945136,407,6,16,403
4000000223459325,396,1,17,395
4000001855173375,411,7,16,410
4000140110377459,398,2,7,397
4000000213354939,402,3,15,401
4000000221804431,404,4,7,400
4000000221866138,407,6,16,402
4000150210035906,404,4,15,390
3104920031001822526,429,13,16,428
3104920031002814191,407,6,15,405
4000000216543822,410,7,16,409
4000000211559360,405,5,19,392
4000000214725523,407,6,15,391
4000001512154064,420,11,16,412
4000001512572224,402,3,13,401
4000150210051573,420,11,13,407
3104920031000150655,405,5,15,402
4000000210626352,404,4,13,392
4000000220723492,406,5,19,405
4000000221244841,404,4,15,399
4000001510006375,406,5,17,405
4000001512572889,404,4,13,396
4000001840477740,399,2,16,398
3104920031001391019,417,9,16,393
4000000006778134,391,0,15,385
4000001520436265,405,5,15,387
3104920031000753458,396,1,15,395
4000000001451575,404,4,8,397
4000000210638409,411,7,15,409
4000000213098349,420,11,13,413
4000000214214077,399,2,15,398
4000000216284443,406,5,17,405
4000001840470890,428,13,16,421
4000001850245497,404,4,15,402
4000140110476170,404,4,6,399
4000000211729509,434,15,16,433
4000000212773103,402,3,6,401
4000000215053655,402,3,7,401
4000000217363725,396,1,15,395
4000000223830760,429,13,16,428
4000001830232924,435,16,19,417
4000001850166273,414,8,16,413
4000000216976754,407,6,15,393
4000000223946834,396,1,13,395
4000000310963268,433,15,16,430
4000000312128871,402,3,15,401
4000000101394404,392,0,13,384
4000000211350675,411,7,17,410
4000000211539720,402,3,7,401
4000000212666131,405,5,15,392
4000000212729892,407,6,15,389
4000000214140468,420,11,16,410
4000000221246716,407,6,8,401
4000000220785306,566,11,16,551
4000000213464361,574,13,16,562
4000000310826352,545,3,10,543
3104920032000667805,545,3,10,533
4000140110460655,575,13,14,574
4000140112447190,553,7,15,552
4000140120230513,551,6,13,550
4000140129072025,548,4,6,541
4000140112044893,575,13,14,574
4000140210098773,565,10,15,564
4000001850182136,548,4,6,546
4000003942078504,551,6,13,550
4000000223685003,534,0,6,529
4000140112565696,542,2,15,541
4000000211044897,551,6,13,550
4000140112663263,561,9,13,560
4000140112860996,560,9,12,549
4000000220685246,534,0,5,532
4000000220914093,560,9,13,558
4000003919969216,549,4,6,548
4000140110014641,565,10,13,560
4000140110152427,550,6,10,548
4000000812003242,551,6,13,550
4000003942531214,574,13,19,571
4000140112139405,550,6,12,543
4000140112936663,538,1,3,537
4000000217628842,542,2,19,541
4000140110372045,553,7,12,544
4000140110533171,551,6,9,550
4000000214415533,1144,9,13,1143
4000003902212180,1139,7,14,1127
4000030111073961,1144,9,12,1138
4000001830177116,1141,8,11,1132
4000000216748501,1131,3,11,1125
4000000224265865,1141,8,15,1128
4000000221226674,1148,11,13,1135
4000003917127798,1139,7,12,1135
4000000212913244,1139,7,15,1133
4000140110691298,1133,4,15,1122
3104920031001808020,1128,2,11,1127
4000000216867612,1141,8,10,1135
4000000229000400,1139,7,14,1135
4000000215673286,1144,9,12,1130
4000000217126583,1141,8,15,1138
4000001512608685,1144,9,12,1137
4000000216696291,1124,0,13,1118
4000000217312320,1140,7,14,1139
4000000224121990,1147,10,12,1138
4000001520303662,1137,6,16,1124
4000001512517741,1173,11,13,1158
4000140110525668,1165,7,13,1164
4000140112824147,1150,0,13,1140
4000000214577737,1161,5,13,1150
4000001520260514,1158,3,12,1157
4000001840627933,1173,11,12,1164
4000140120238910,1169,9,12,1164
4000140127004462,1189,18,19,1188
4000001840721982,1160,4,7,1150
4000000215348452,1165,7,15,1164
4000001512429914,1158,3,12,1157
4000001520388898,1165,7,15,1164
4000000213211536,1150,0,3,1144
4000000215266612,1155,2,9,1154
4000000223822059,1172,10,13,1159
4000140112533139,1169,9,13,1158
4000140129087246,1163,6,13,1162
4000000210399974,1150,0,12,1139
4000000214199685,1165,7,9,1164
4000001512555958,1150,0,6,1145
4000003926778169,1158,3,11,1157
4000000310578114,1163,6,13,1150
4000000216199951,831,13,16,810
4000003919094426,810,4,5,809
4000000224000120,809,4,9,792
4000140129072061,809,4,7,805
4000140110284036,812,6,8,802
4000140110321499,809,4,6,801
4000030111035100,823,10,13,801
4000000220710082,835,15,16,820
4000000221225877,805,3,15,797
4000000216205380,798,0,13,788
4000000310980798,809,4,10,808
4000003907557649,814,7,15,797
4000000221453573,814,7,17,811
4000000221705973,814,7,11,801
4000001840558047,831,13,19,810
4000000211759710,814,7,17,806
4000001830121770,1337,0,5,1323
4000001840471604,1338,1,12,1337
4000000210810932,1358,9,13,1346
4000001830121730,1337,0,5,1306
4000030127055505,1353,7,14,1351
4000140120010831,1358,9,14,1355
4000003922586414,1339,1,15,1331
4000140120288922,1339,1,7,1324
3104920031002883642,1358,9,12,1331
4000001830085425,1353,7,15,1352
4000001855092836,1345,3,15,1344
4000003907490143,1345,3,10,1344
4000001855013508,810,1,15,809
4000140112091915,821,6,13,820
4000140112520651,822,7,11,815
4000140110081734,808,0,13,807
4000001520108883,841,15,16,838
4000003927817154,812,2,15,811
4000140129030799,809,1,7,802
4000140120266750,810,1,7,809
